layout_spectrum: 0.2082631
typography_spectrum: 0.989428
color:
  lightness: 0.7849916
  brandStrength: 0.07379133
  saturation: 0.8288364
  rhythmicContrast: 0.9856661
name: inlingua
